-1.978459 2.896917 1
-2.911141 3.462939 2
-0.68886 3.462939 2
-0.912311 1.743567 1
-2.487785 1.090983 1
-2.709017 2.487785 1
-3.775377 2.112867 2
-2.056435 2.887688 1
0.124912 1.257123 2
-2.9 1.899999 1
-2.353991 2.791006 1
-2.418035 3.702113 2
0.198458 1.87852 2
-1.3775 1.04736 1
-2.492235 3.676382 2
-2.209016 0.948943 1
-3.320813 3.098895 2
-2.851057 2.209017 1
-1.107766 3.676383 2
-2.133445 0.92763 1
-1.409816 -0.16157 2
0.047761 1.034637 2
-0.137059 0.688863 2
-1.517316 2.82388 1
-3.038189 3.370633 2
-1.956919 3.793835 2
-2.266891 3.74474 2
-0.137061 2.91114 2
-1.446009 2.791006 1
-1.377501 2.75264 1
-0.017987 2.707981 2
-1.82154 0.903083 1
-3.775376 1.487129 2
-3.268644 0.442397 2
-0.948943 1.590984 1
-1.590983 2.851056 1
-0.094718 0.755006 2
0.047759 2.565367 2
-0.442396 0.331357 2
-0.948943 2.209017 1
0.016288 0.962684 2
-3.544991 0.822756 2
-1.666555 2.87237 1
-0.755 0.094721 2
-0.962681 3.616287 2
-2.851056 1.590982 1
-2.77724 0.055007 2
-3.038186 0.229365 2
-2.911139 0.137059 2
-1.800001 3.8 2
-2.056434 0.912312 1
-1.956915 -0.193835 2
-2.549448 1.139594 1
-1.40982 3.761571 2
-1.047359 1.377503 1
-0.62443 3.418034 2
-3.676382 1.107764 2
-2.035072 -0.186137 2
-1.03463 -0.047758 2
0.193835 1.956918 2
-3.505279 0.755001 2
-3.647758 1.034631 2
-3.676383 2.492233 2
-3.798458 1.721479 2
-3.544993 2.777241 2
0.076383 2.492234 2
-3.74474 2.266889 2
-0.229366 3.038188 2
-1.250552 2.660406 1
-3.76157 1.409818 2
-2.75264 2.422498 1
-3.702113 2.418033 2
0.186137 1.564929 2
-3.214212 0.385785 2
-0.442399 3.268645 2
0.198458 1.721485 2
-2.190178 -0.161571 2
-0.688857 0.137063 2
-3.098894 0.279187 2
-0.229364 0.561815 2
-1.878517 -0.198458 2
-0.822755 0.05501 2
-0.92763 2.133445 1
-1.564926 3.786137 2
-3.46294 2.911139 2
0.175377 1.487135 2
-0.181964 0.624432 2
-1.008993 1.446011 1
-2.607107 2.607107 1
-1.034633 3.647759 2
-0.331355 3.157602 2
-1.517316 0.976121 1
-1.181963 -0.102112 2
-2.637317 -0.016287 2
-1.87852 3.798458 2
-1.487131 3.775377 2
-3.1576 0.331353 2
-1.250551 1.139595 1
-3.582012 0.892017 2
-0.501104 3.320812 2
-2.709017 1.312214 1
-2.707982 3.582013 2
-1.643082 3.793835 2
-2.63732 3.616286 2
-0.822758 3.544992 2
-1.899999 0.9 1
-3.320811 0.501102 2
-3.582014 2.70798 2
0.186137 2.035075 2
-0.97612 2.282683 1
-2.487785 2.709017 1
-1.192893 2.607107 1
-1.257119 3.72491 2
-1.643079 -0.193834 2
-2.422499 2.75264 1
0.144741 1.333113 2
-2.660405 1.250551 1
0.161571 1.409823 2
-0.331353 0.442401 2
-2.565365 -0.04776 2
-0.501101 0.27919 2
-3.74474 1.333107 2
-2.266888 -0.14474 2
-2.422498 1.047359 1
-2.282684 2.823879 1
-3.8 1.799998 2
-3.418033 0.624428 2
-2.190181 3.76157 2
-1.799997 -0.2 2
-2.87237 1.666554 1
-1.139594 2.549448 1
-1.312215 2.709017 1
-3.64776 2.565366 2
-0.385784 0.385789 2
-2.492232 -0.076384 2
-3.616287 2.637318 2
-2.418031 -0.102114 2
-0.279186 0.501107 2
-0.962678 -0.016285 2
-1.107763 -0.076382 2
-3.761571 2.190179 2
0.016286 2.637319 2
-2.282683 0.97612 1
-0.279188 3.098896 2
-2.035075 3.786137 2
-2.844998 3.50528 2
-3.724911 2.34288 2
-1.821541 2.896917 1
-2.823879 1.517316 1
-0.903083 1.978459 1
-0.385786 3.214214 2
0.193835 1.643086 2
-2.35399 1.008993 1
-2.112866 -0.175377 2
0.102114 1.18197 2
0.076384 1.107769 2
-2.791006 1.446009 1
-1.008993 2.353991 1
-2.844995 0.094718 2
-1.192892 1.192894 1
